Rat —
2 2 47 57
49 2 46 57
95 2 47 57
<<<<<<< HEAD
142 2 46 57
=======
142 2 46 57 
>>>>>>> ca3ad37591e0fb063a5b6fb93b06c09ea26a99b5
188 2 52 56
240 2 52 58
302 2 52 56
354 2 52 58
<<<<<<< HEAD
순서 : 위 아래 오른쪽 왼쪽
=======
>>>>>>> ca3ad37591e0fb063a5b6fb93b06c09ea26a99b5

fork —
14 82 21 115
42 90 115 21
42 114 115 21
164 82 21 115

knife —
195 97 31 98
233 90 98 31
236 122 98 31
338 97 31 98

cheese —
389 90 40 32

pepper —
449 91 27 45

Heart —
389 152 23 22
<<<<<<< HEAD
=======

Reply—
431 12 36 36

Pause—
476 12 36 36

>>>>>>> ca3ad37591e0fb063a5b6fb93b06c09ea26a99b5
